31580116    90.0    88.0    90.0    85.0
32590001    85.0    82.0    88.0    67.0
32590003    86.0    91.0    95.0    87.0
32590005    75.0    89.0    89.0    71.0
32590006    85.0    82.0    88.0    80.0
32590008    85.0    78.0    85.0    65.0
32590009    84.0    88.0    90.0    77.0
32590016    76.0    88.0    88.0    72.0
32590017    90.0    78.0    86.0    67.0
32590020    88.0    76.0    90.0    56.0
32590025    80.0    78.0    85.0    58.0
32590028    75.0    86.0    85.0    69.0
32590029    77.0    83.0    89.0    78.0
32590030    86.0    91.0    88.0    79.0
32590032    80.0    90.0    86.0    68.0
32590033    80.0    85.0    90.0    77.0
32590034    86.0    78.0    80.0    71.0
32590035    80.0    84.0    85.0    58.0
32590037    82.0    78.0    88.0    74.0
32590038    78.0    82.0    85.0    60.0
32590046    95.0    90.0    94.0    89.0
32590051    86.0    88.0    89.0    75.0
32590053    82.0    84.0    89.0    77.0
32590056    86.0    84.0    90.0    74.0
32590058    75.0    80.0    91.0    66.0
32590064    88.0    86.0    93.0    83.0
32590065    78.0    76.0    90.0    72.0
32590066    68.0    80.0    92.0    67.0
32590067    76.0    74.0    90.0    57.0
32590068    92.0    90.0    94.0    92.0
32590071    85.0    88.0    90.0    74.0
32590075    85.0    86.0    93.0    72.0
32590076    90.0    92.0    93.0    83.0
32590082    86.0    90.0    92.0    81.0
32590084    92.0    91.0    90.0    89.0
32590085    86.0    88.0    93.0    79.0
32590086    88.0    92.0    91.0    86.0
32590087    72.0    85.0    93.0    61.0
32590088    75.0    86.0    94.0    71.0
32590089    90.0    88.0    94.0    81.0
32590090    70.0    78.0    90.0    56.0
32590092    84.0    83.0    90.0    77.0
32590096    90.0    89.0    91.0    84.0
32590097    92.0    90.0    94.0    90.0
32590100    76.0    88.0    92.0    72.0
32590102    80.0    82.0    95.0    72.0
32590103    85.0    81.0    92.0    74.0
32590104    78.0    85.0    80.0    56.0
32590110    82.0    80.0    90.0    78.0
32590114    86.0    83.0    91.0    70.0
32590116    75.0    84.0    92.0    68.0
32590117    88.0    89.0    90.0    81.0
32590118    90.0    88.0    94.0    87.0
32590119    85.0    92.0    91.0    91.0
32590122    83.0    78.0    92.0    61.0
32590125    81.0    84.0    93.0    75.0
32590126    89.0    78.0    93.0    61.0
32590130    89.0    79.0    94.0    68.0
32590132    82.0    78.0    90.0    63.0
32590133    90.0    90.0    91.0    84.0
32590134    84.0    78.0    91.0    60.0
32590139    84.0    82.0    91.0    75.0
32590141    94.0    88.0    90.0    72.0
32590142    78.0    74.0    90.0    56.0
32590145    89.0    90.0    92.0    73.0
32590148    85.0    85.0    95.0    73.0
32590151    74.0    70.0    94.0    57.0
32590153    85.0    80.0    90.0    72.0
32590154    72.0    70.0    91.0    57.0
32590156    92.0    85.0    91.0    80.0
32590157    84.0    75.0    90.0    69.0
32590158    93.0    90.0    93.0    86.0
32590160    81.0    80.0    93.0    71.0
32590164    88.0    85.0    95.0    84.0
32590165    90.0    90.0    94.0    81.0
32590166    75.0    80.0    95.0    62.0
32590167    71.0    78.0    90.0    57.0
32590169    89.0    84.0    94.0    78.0
32590172    87.0    75.0    92.0    73.0
32590176    94.0    90.0    94.0    90.0
32590177    80.0    80.0    91.0    68.0
32590182    90.0    88.0    92.0    89.0
32590184    75.0    80.0    90.0    56.0
32590185    88.0    84.0    94.0    82.0
32590186    70.0    72.0    92.0    63.0
32590188    84.0    85.0    91.0    76.0
32590189    85.0    81.0    90.0    72.0
32590191    80.0    78.0    93.0    69.0
32590193    80.0    76.0    94.0    61.0
32590196    80.0    78.0    91.0    60.0
32590199    92.0    90.0    91.0    83.0
32590202    75.0    83.0    80.0    63.0
32590204    90.0    88.0    93.0    88.0
32590206    74.0    85.0    94.0    71.0
32590207    80.0    86.0    93.0    77.0
32590211    76.0    82.0    92.0    65.0
32590213    81.0    81.0    92.0    76.0
32590218    83.0    89.0    94.0    75.0
32590219    79.0    80.0    94.0    66.0
32590220    74.0    80.0    80.0    65.0
32590222    72.0    80.0    90.0    62.0
32590223    80.0    86.0    95.0    75.0
32590224    86.0    90.0    92.0    83.0
32590225    90.0    88.0    94.0    81.0
32660030    80.0    82.0    91.0    75.0